4
5
0 834 514 397 379 
834 0 554 663 585 
514 554 0 659 136 
397 663 659 0 545 
379 585 136 545 0 
0 266 918 486 853 
266 0 1027 693 880 
918 1027 0 520 309 
486 693 520 0 612 
853 880 309 612 0 
0 201 979 403 703 
201 0 1098 602 860 
979 1098 0 923 346 
403 602 923 0 580 
703 860 346 580 0 
0 968 1014 901 704 
968 0 591 467 351 
1014 591 0 150 788 
901 467 150 0 639 
704 351 788 639 0 
