4
5
0 197 91 533 553 
197 0 109 667 647 
91 109 0 604 606 
533 667 604 0 147 
553 647 606 147 0 
0 505 388 219 510 
505 0 853 643 357 
388 853 0 461 897 
219 643 461 0 515 
510 357 897 515 0 
0 323 108 673 118 
323 0 411 788 221 
108 411 0 595 223 
673 788 595 0 743 
118 221 223 743 0 
0 491 582 598 663 
491 0 787 343 891 
582 787 0 580 103 
598 343 580 0 678 
663 891 103 678 0 
