4
5
0 313 408 596 345 
313 0 344 593 470 
408 344 0 912 722 
596 593 912 0 283 
345 470 722 283 0 
0 276 581 971 262 
276 0 465 1107 290 
581 465 0 853 332 
971 1107 853 0 816 
262 290 332 816 0 
0 470 51 887 345 
470 0 434 555 290 
51 434 0 877 342 
887 555 877 0 544 
345 290 342 544 0 
0 106 330 439 112 
106 0 379 406 180 
330 379 0 309 422 
439 406 309 0 551 
112 180 422 551 0 
