4
5
0 355 255 295 630 
355 0 206 370 803 
255 206 0 433 843 
295 370 433 0 433 
630 803 843 433 0 
0 716 511 443 462 
716 0 484 712 785 
511 484 0 246 855 
443 712 246 0 878 
462 785 855 878 0 
0 439 706 424 368 
439 0 568 838 72 
706 568 0 877 582 
424 838 877 0 772 
368 72 582 772 0 
0 527 419 492 382 
527 0 897 987 225 
419 897 0 99 795 
492 987 99 0 873 
382 225 795 873 0 
