4
5
0 791 589 538 485 
791 0 423 253 443 
589 423 0 330 558 
538 253 330 0 253 
485 443 558 253 0 
0 621 788 812 599 
621 0 171 190 177 
788 171 0 59 303 
812 190 59 0 287 
599 177 303 287 0 
0 387 739 335 611 
387 0 818 446 866 
739 818 0 1065 388 
335 446 1065 0 939 
611 866 388 939 0 
0 889 288 770 190 
889 0 622 124 865 
288 622 0 499 359 
770 124 499 0 759 
190 865 359 759 0 
