7
15
0 281 664 494 32 518 582 413 811 296 769 723 718 248 658 
281 0 394 309 283 625 374 139 549 483 493 455 575 437 377 
664 394 0 287 672 818 231 254 162 781 276 62 446 746 158 
494 309 287 0 513 532 93 229 372 523 536 320 268 497 396 
32 283 672 513 0 550 600 419 822 325 765 732 743 278 658 
518 625 818 532 550 0 606 667 892 245 1047 851 545 282 907 
582 374 231 93 600 606 0 266 286 615 500 249 238 590 367 
413 139 254 229 419 667 266 0 410 571 390 315 493 530 259 
811 549 162 372 822 892 286 410 0 894 360 101 429 864 288 
296 483 781 523 325 245 615 571 894 0 961 828 648 49 830 
769 493 276 536 765 1047 500 390 360 961 0 293 722 919 140 
723 455 62 320 732 851 249 315 101 828 293 0 441 796 197 
718 575 446 268 743 545 238 493 429 648 722 441 0 640 596 
248 437 746 497 278 282 590 530 864 49 919 796 640 0 789 
658 377 158 396 658 907 367 259 288 830 140 197 596 789 0 
0 504 621 490 444 916 663 237 400 210 270 537 829 202 119 
504 0 243 666 327 434 681 548 180 466 325 737 332 481 466 
621 243 0 584 240 323 524 566 221 654 528 653 403 666 540 
490 666 584 0 355 898 222 254 486 683 667 71 964 680 380 
444 327 240 355 0 564 357 334 159 545 458 425 609 552 339 
916 434 323 898 564 0 799 888 520 900 759 964 281 916 849 
663 681 524 222 357 799 0 442 516 830 780 243 927 831 544 
237 548 566 254 334 888 442 0 384 437 447 300 876 432 135 
400 180 221 486 159 520 516 384 0 441 328 557 495 451 329 
210 466 654 683 545 900 830 437 441 0 144 736 752 18 303 
270 325 528 667 458 759 780 447 328 144 0 729 609 161 314 
537 737 653 71 425 964 243 300 557 736 729 0 1034 732 432 
829 332 403 964 609 281 927 876 495 752 609 1034 0 769 798 
202 481 666 680 552 916 831 432 451 18 161 732 769 0 300 
119 466 540 380 339 849 544 135 329 303 314 432 798 300 0 
0 195 332 754 127 171 494 628 269 374 267 482 688 690 596 
195 0 516 617 218 366 362 542 266 185 231 464 492 698 406 
332 516 0 1078 319 199 709 930 560 701 574 745 1002 904 886 
754 617 1078 0 829 885 814 223 531 469 506 438 479 550 603 
127 218 319 829 0 233 411 728 385 400 374 600 686 815 567 
171 366 199 885 233 0 643 731 361 542 379 546 859 715 766 
494 362 709 814 411 643 0 825 625 371 586 807 442 1044 272 
628 542 930 223 728 731 825 0 370 454 362 224 599 336 676 
269 266 560 531 385 361 625 370 0 325 47 215 630 438 607 
374 185 701 469 400 542 371 454 325 0 278 459 322 692 282 
267 231 574 506 374 379 586 362 47 278 0 235 583 467 560 
482 464 745 438 600 546 807 224 215 459 235 0 705 236 731 
688 492 1002 479 686 859 442 599 630 322 583 705 0 913 171 
690 698 904 550 815 715 1044 336 438 692 467 236 913 0 958 
596 406 886 603 567 766 272 676 607 282 560 731 171 958 0 
0 244 374 601 272 291 315 797 100 425 412 506 211 187 253 
244 0 556 691 496 427 410 1038 241 539 614 742 219 428 216 
374 556 0 311 443 147 205 582 320 722 79 523 584 352 395 
601 691 311 0 743 312 291 807 511 1003 361 832 801 644 477 
272 496 443 743 0 450 505 622 350 298 431 251 347 105 517 
291 427 147 312 450 0 68 720 209 693 223 594 496 346 249 
315 410 205 291 505 68 0 784 221 732 284 659 509 399 212 
797 1038 582 807 622 720 784 0 809 877 503 423 953 633 944 
100 241 320 511 350 209 221 809 0 526 374 565 289 252 167 
425 539 722 1003 298 693 732 877 526 0 722 457 321 370 664 
412 614 79 361 431 223 284 503 374 722 0 473 619 353 467 
506 742 523 832 251 594 659 423 565 457 473 0 596 319 731 
211 219 584 801 347 496 509 953 289 321 619 596 0 321 377 
187 428 352 644 105 346 399 633 252 370 353 319 321 0 420 
253 216 395 477 517 249 212 944 167 664 467 731 377 420 0 
0 152 469 678 612 600 281 474 197 261 437 158 381 444 509 
152 0 344 528 466 566 401 407 293 414 287 92 533 294 360 
469 344 0 280 435 819 742 636 489 717 300 311 834 300 159 
678 528 280 0 298 825 919 648 747 939 302 537 1059 296 169 
612 466 435 298 0 551 781 390 752 860 185 524 974 178 280 
600 566 819 825 551 0 534 184 797 710 543 657 780 547 724 
281 401 742 919 781 534 0 496 403 191 638 438 245 646 755 
474 407 636 648 390 184 496 0 669 642 360 500 733 364 541 
197 293 489 747 752 797 403 669 0 277 567 228 377 574 583 
261 414 717 939 860 710 191 642 277 0 693 408 119 701 770 
437 287 300 302 185 543 638 360 567 693 0 339 810 7 181 
158 92 311 537 524 657 438 500 228 408 339 0 527 346 368 
381 533 834 1059 974 780 245 733 377 119 810 527 0 818 890 
444 294 300 296 178 547 646 364 574 701 7 346 818 0 177 
509 360 159 169 280 724 755 541 583 770 181 368 890 177 0 
0 37 558 264 525 425 476 78 373 287 561 304 331 387 229 
37 0 530 301 529 401 510 95 336 251 573 266 334 416 247 
558 530 0 760 504 150 867 623 346 317 623 362 446 747 553 
264 301 760 0 529 612 240 268 634 539 505 565 380 200 229 
525 529 504 529 0 390 488 600 659 549 122 615 195 389 323 
425 401 150 612 390 0 717 496 314 237 502 300 300 597 403 
476 510 867 240 488 717 0 500 823 715 411 755 425 119 323 
78 95 623 268 600 496 500 0 402 333 630 335 407 424 293 
373 336 346 634 659 314 823 402 0 115 751 69 500 715 512 
287 251 317 539 549 237 715 333 115 0 637 68 385 604 399 
561 573 623 505 122 502 411 630 751 637 0 701 255 332 337 
304 266 362 565 615 300 755 335 69 68 701 0 448 649 447 
331 334 446 380 195 300 425 407 500 385 255 448 0 306 153 
387 416 747 200 389 597 119 424 715 604 332 649 306 0 207 
229 247 553 229 323 403 323 293 512 399 337 447 153 207 0 
0 436 651 472 487 633 892 389 814 431 951 488 888 478 828 
436 0 257 655 418 414 456 595 377 259 523 385 478 526 393 
651 257 0 711 402 280 336 676 267 282 314 621 237 777 300 
472 655 711 0 317 502 1041 83 965 435 1014 905 910 939 993 
487 418 402 317 0 192 738 303 665 159 698 760 592 850 696 
633 414 280 502 192 0 607 495 543 209 534 796 420 918 578 
892 456 336 1041 738 607 0 1000 79 606 181 660 264 838 67 
389 595 676 83 303 495 1000 0 922 394 986 827 887 857 949 
814 377 267 965 665 543 79 922 0 530 202 604 248 781 36 
431 259 282 435 159 209 606 394 530 0 596 614 505 721 558 
951 523 314 1014 698 534 181 986 202 596 0 800 119 976 222 
488 385 621 905 760 796 660 827 604 614 800 0 801 178 596 
888 478 237 910 592 420 264 887 248 505 119 801 0 970 280 
478 526 777 939 850 918 838 857 781 721 976 178 970 0 774 
828 393 300 993 696 578 67 949 36 558 222 596 280 774 0 
