7
15
0 731 594 295 494 419 579 675 159 47 479 497 324 382 146 
731 0 687 1026 490 946 833 594 839 778 946 714 570 412 874 
594 687 0 773 210 1008 1101 1048 751 620 1061 114 768 681 699 
295 1026 773 0 736 441 710 899 236 248 522 660 569 665 157 
494 490 210 736 0 881 930 847 651 531 922 225 592 486 626 
419 946 1008 441 881 0 298 574 276 405 81 916 376 534 367 
579 833 1101 710 930 298 0 319 494 589 229 1031 338 470 596 
675 594 1048 899 847 574 319 0 662 704 526 1008 350 369 754 
159 839 751 236 651 276 494 662 0 132 347 651 336 450 102 
47 778 620 248 531 405 589 704 132 0 471 519 356 425 100 
479 946 1061 522 922 81 229 526 347 471 0 973 380 540 442 
497 714 114 660 225 916 1031 1008 651 519 973 0 705 639 593 
324 570 768 569 592 376 338 350 336 356 380 705 0 159 415 
382 412 681 665 486 534 470 369 450 425 540 639 159 0 508 
146 874 699 157 626 367 596 754 102 100 442 593 415 508 0 
0 294 800 535 492 294 483 511 417 508 817 607 223 874 734 
294 0 612 292 241 95 326 387 648 292 543 365 110 811 449 
800 612 0 332 381 541 317 299 896 320 346 272 717 389 414 
535 292 332 0 51 243 161 225 767 58 294 74 401 614 247 
492 241 381 51 0 198 173 241 745 78 328 124 351 648 265 
294 95 541 243 198 0 240 296 594 227 523 317 179 718 445 
483 326 317 161 173 240 0 70 634 103 427 192 419 492 403 
511 387 299 225 241 296 70 0 613 168 468 241 474 426 457 
417 648 896 767 745 594 634 613 0 716 1057 820 620 776 1010 
508 292 320 58 78 227 103 168 716 0 340 105 398 570 303 
817 543 346 294 328 523 427 468 1057 340 0 236 650 731 118 
607 365 272 74 124 317 192 241 820 105 236 0 475 589 216 
223 110 717 401 351 179 419 474 620 398 650 475 0 890 551 
874 811 389 614 648 718 492 426 776 570 731 589 890 0 781 
734 449 414 247 265 445 403 457 1010 303 118 216 551 781 0 
0 47 188 495 865 839 843 710 930 658 642 28 686 190 688 
47 0 160 484 824 823 795 668 888 642 602 46 638 153 652 
188 160 0 617 842 943 730 686 902 760 638 162 581 45 707 
495 484 617 0 631 347 857 524 694 177 435 518 721 585 398 
865 824 842 631 0 607 423 156 67 547 227 870 405 797 232 
839 823 943 347 607 0 969 583 650 183 519 861 872 906 427 
843 795 730 857 423 969 0 386 432 852 453 834 158 694 542 
710 668 686 524 156 583 386 0 220 479 89 714 311 641 157 
930 888 902 694 67 650 432 220 0 603 294 935 438 857 296 
658 642 760 177 547 183 852 479 603 0 400 680 737 723 327 
642 602 638 435 227 519 453 89 294 400 0 649 354 592 101 
28 46 162 518 870 861 834 714 935 680 649 0 677 168 698 
686 638 581 721 405 872 158 311 438 737 354 677 0 542 453 
190 153 45 585 797 906 694 641 857 723 592 168 542 0 662 
688 652 707 398 232 427 542 157 296 327 101 698 453 662 0 
0 121 732 381 529 939 733 639 705 645 264 828 241 820 82 
121 0 646 450 624 959 646 605 629 722 211 745 134 734 141 
732 646 0 741 946 783 16 332 71 918 792 99 651 88 675 
381 450 741 0 213 602 750 486 684 271 643 813 582 819 314 
529 624 946 213 0 647 956 667 886 172 791 1014 758 1022 483 
939 959 783 602 647 0 799 472 713 489 1170 786 1065 810 857 
733 646 16 750 956 799 0 346 87 931 788 103 647 88 677 
639 605 332 486 667 472 346 0 260 607 805 368 676 384 560 
705 629 71 684 886 713 87 260 0 852 790 131 649 135 643 
645 722 918 271 172 489 931 607 852 0 910 972 854 984 584 
264 211 792 643 791 1170 788 805 790 910 0 891 141 875 329 
828 745 99 813 1014 786 103 368 131 972 891 0 750 29 768 
241 134 651 582 758 1065 647 676 649 854 141 750 0 735 275 
820 734 88 819 1022 810 88 384 135 984 875 29 735 0 762 
82 141 675 314 483 857 677 560 643 584 329 768 275 762 0 
0 839 266 361 90 723 221 892 300 697 635 760 688 584 148 
839 0 903 496 876 660 941 342 858 299 339 314 418 596 939 
266 903 0 515 180 572 474 1043 566 845 617 913 627 808 164 
361 496 515 0 421 648 446 536 379 339 401 405 496 332 488 
90 876 180 421 0 686 294 957 388 760 642 825 681 669 67 
723 660 572 648 686 0 935 957 953 806 338 865 242 965 711 
221 941 474 446 294 935 0 913 146 736 801 789 871 533 322 
892 342 1043 536 957 957 913 0 790 198 619 131 720 418 1024 
300 858 566 379 388 953 146 790 0 624 769 671 852 394 433 
697 299 845 339 760 806 736 198 624 0 472 68 580 302 827 
635 339 617 401 642 338 801 619 769 472 0 528 109 671 694 
760 314 913 405 825 865 789 131 671 68 528 0 634 321 892 
688 418 627 496 681 242 871 720 852 580 109 634 0 779 726 
584 596 808 332 669 965 533 418 394 302 671 321 779 0 732 
148 939 164 488 67 711 322 1024 433 827 694 892 726 732 0 
0 156 692 479 750 805 650 837 664 998 500 402 838 672 660 
156 0 649 324 599 683 554 695 526 847 416 247 771 535 524 
692 649 0 625 651 434 253 607 981 807 267 688 180 490 483 
479 324 625 0 283 449 418 398 355 527 360 114 674 271 264 
750 599 651 283 0 286 397 139 481 248 447 391 620 160 168 
805 683 434 449 286 0 209 188 745 376 343 559 352 180 185 
650 554 253 418 397 209 0 361 765 563 153 505 256 237 231 
837 695 607 398 139 188 361 0 620 203 455 511 541 171 183 
664 526 981 355 481 745 765 620 0 641 716 318 1020 571 569 
998 847 807 527 248 376 563 203 641 0 655 631 724 363 375 
500 416 267 360 447 343 153 455 716 655 0 420 357 295 284 
402 247 688 114 391 559 505 511 318 631 420 0 758 383 375 
838 771 180 674 620 352 256 541 1020 724 357 758 0 471 468 
672 535 490 271 160 180 237 171 571 363 295 383 471 0 12 
660 524 483 264 168 185 231 183 569 375 284 375 468 12 0 
0 164 424 677 231 441 258 643 377 270 321 453 422 572 585 
164 0 583 634 395 286 340 614 359 435 450 399 479 671 655 
424 583 0 998 198 865 362 948 712 171 398 814 632 623 713 
677 634 998 0 817 531 934 62 301 830 618 234 389 563 442 
231 395 198 817 0 670 272 770 523 43 263 622 473 526 589 
441 286 865 531 670 0 616 540 381 707 653 336 575 805 744 
258 340 362 934 272 616 0 901 635 309 506 707 665 775 814 
643 614 948 62 770 540 901 0 266 781 563 220 331 501 380 
377 359 712 301 523 381 635 266 0 540 364 109 203 435 363 
270 435 171 830 43 707 309 781 540 0 253 642 475 508 578 
321 450 398 618 263 653 506 563 364 253 0 474 236 269 326 
453 399 814 234 622 336 707 220 109 642 474 0 297 525 436 
422 479 632 389 473 575 665 331 203 475 236 297 0 232 177 
572 671 623 563 526 805 775 501 435 508 269 525 232 0 127 
585 655 713 442 589 744 814 380 363 578 326 436 177 127 0 
