3
5
0 835 1024 1096 579 
835 0 614 653 387 
1024 614 0 71 899 
1096 653 71 0 955 
579 387 899 955 0 
0 794 80 724 259 
794 0 874 201 860 
80 874 0 800 272 
724 201 800 0 849 
259 860 272 849 0 
0 701 458 989 980 
701 0 739 1028 522 
458 739 0 532 733 
989 1028 532 0 702 
980 522 733 702 0 
