3
5
0 904 873 973 686 
904 0 962 84 405 
873 962 0 961 567 
973 84 961 0 423 
686 405 567 423 0 
0 33 512 262 482 
33 0 545 264 465 
512 545 0 555 888 
262 264 555 0 718 
482 465 888 718 0 
0 871 787 172 841 
871 0 95 703 729 
787 95 0 622 733 
172 703 622 0 715 
841 729 733 715 0 
