3
5
0 887 1073 677 742 
887 0 577 212 216 
1073 577 0 640 743 
677 212 640 0 133 
742 216 743 133 0 
0 265 1050 1014 468 
265 0 785 750 273 
1050 785 0 49 657 
1014 750 49 0 613 
468 273 657 613 0 
0 599 449 126 298 
599 0 190 721 323 
449 190 0 575 151 
126 721 575 0 424 
298 323 151 424 0 
