3
5
0 512 772 752 850 
512 0 638 1025 917 
772 638 0 664 361 
752 1025 664 0 379 
850 917 361 379 0 
0 417 442 491 442 
417 0 217 211 163 
442 217 0 429 380 
491 211 429 0 56 
442 163 380 56 0 
0 588 404 624 483 
588 0 219 566 127 
404 219 0 417 93 
624 566 417 0 466 
483 127 93 466 0 
