3
5
0 219 1085 313 608 
219 0 972 157 626 
1085 972 0 815 639 
313 157 815 0 508 
608 626 639 508 0 
0 554 842 303 909 
554 0 362 445 359 
842 362 0 801 354 
303 445 801 0 745 
909 359 354 745 0 
0 441 668 151 683 
441 0 542 553 712 
668 542 0 652 249 
151 553 652 0 611 
683 712 249 611 0 
