5
5
0 960 698 545 380 
960 0 344 700 750 
698 344 0 650 620 
545 700 650 0 165 
380 750 620 165 0 
0 246 815 888 765 
246 0 756 888 564 
815 756 0 223 514 
888 888 223 0 734 
765 564 514 734 0 
0 493 896 632 246 
493 0 476 302 426 
896 476 0 275 895 
632 302 275 0 669 
246 426 895 669 0 
0 321 368 217 266 
321 0 342 460 195 
368 342 0 308 478 
217 460 308 0 470 
266 195 478 470 0 
0 102 423 235 225 
102 0 368 216 246 
423 368 0 573 615 
235 216 573 0 91 
225 246 615 91 0 
