5
5
0 419 594 320 180 
419 0 934 543 410 
594 934 0 847 524 
320 543 847 0 499 
180 410 524 499 0 
0 921 806 189 634 
921 0 704 773 349 
806 704 0 623 761 
189 773 623 0 530 
634 349 761 530 0 
0 350 381 587 381 
350 0 55 464 140 
381 55 0 512 189 
587 464 512 0 323 
381 140 189 323 0 
0 634 36 749 294 
634 0 669 141 552 
36 669 0 783 322 
749 141 783 0 692 
294 552 322 692 0 
0 445 811 295 346 
445 0 945 695 612 
811 945 0 643 469 
295 695 643 0 217 
346 612 469 217 0 
