5
5
0 755 295 408 187 
755 0 689 347 918 
295 689 0 404 463 
408 347 404 0 571 
187 918 463 571 0 
0 351 294 826 567 
351 0 199 884 673 
294 199 0 1014 776 
826 884 1014 0 262 
567 673 776 262 0 
0 625 943 660 637 
625 0 334 112 318 
943 334 0 370 419 
660 112 370 0 430 
637 318 419 430 0 
0 360 383 888 333 
360 0 555 539 669 
383 555 0 942 601 
888 539 942 0 1208 
333 669 601 1208 0 
0 764 650 795 720 
764 0 328 314 55 
650 328 0 607 277 
795 314 607 0 345 
720 55 277 345 0 
