5
5
0 607 757 607 419 
607 0 153 624 983 
757 153 0 683 1120 
607 624 683 0 701 
419 983 1120 701 0 
0 935 631 61 555 
935 0 1000 981 1192 
631 1000 0 602 282 
61 981 602 0 505 
555 1192 282 505 0 
0 991 897 333 385 
991 0 286 693 708 
897 286 0 565 719 
333 693 565 0 343 
385 708 719 343 0 
0 722 327 722 295 
722 0 756 643 588 
327 756 0 469 169 
722 643 469 0 426 
295 588 169 426 0 
0 329 742 130 606 
329 0 564 199 776 
742 564 0 664 711 
130 199 664 0 665 
606 776 711 665 0 
